listing_id,high,medium,low
7142618,0.324301926898,0.334973036068,0.340725037034
7210040,0.328142086021,0.335699139625,0.336158774354
7103890,0.319537192121,0.334180480967,0.346282326912
7143442,0.324156826462,0.334917164479,0.340926009058
6860601,0.318971693699,0.335115820186,0.345912486115
6840081,0.309942922242,0.331551322528,0.35850575523
6922337,0.323708527043,0.335371818025,0.340919654931
6913616,0.325566185445,0.334875785095,0.33955802946
6937820,0.325860789319,0.335696619143,0.338442591538
6893933,0.327158197502,0.334496864826,0.338344937672
6832604,0.316449032527,0.33414317182,0.349407795653
6915282,0.321554783598,0.334909347914,0.343535868488
7127565,0.320589296367,0.334578436087,0.344832267546
6827899,0.321190285416,0.33436002296,0.344449691623
6934855,0.31060219546,0.329769262763,0.359628541777
6861826,0.320357355021,0.33495518451,0.344687460469
6871643,0.325029053958,0.334576356075,0.340394589966
6842542,0.31297017979,0.333947843026,0.353081977184
6934145,0.320322184312,0.335066685253,0.344611130435
6829365,0.327577867359,0.335186089097,0.337236043544
7167858,0.325314681741,0.334509366415,0.340175951844
6859483,0.323523075619,0.334562443903,0.341914480478
6861377,0.323902089502,0.335132856533,0.340965053965
6848960,0.323277193529,0.335776235065,0.340946571406
6918850,0.321555010206,0.335503354429,0.342941635365
6916867,0.329045932081,0.335327310967,0.335626756952
6895840,0.32018554617,0.334917389967,0.344897063862
6813539,0.337759315282,0.333812631518,0.3284280532
7116900,0.322722981395,0.335215907618,0.342061110987
6890328,0.331662790874,0.333433173982,0.334904035144
6879406,0.324557509395,0.33665251702,0.338789973586
6824924,0.323593534463,0.33452875201,0.341877713528
6911302,0.331906406883,0.33365500395,0.334438589167
6918742,0.32726902594,0.335819735874,0.336911238186
6910586,0.312627533263,0.333558358977,0.35381410776
6821750,0.318902197483,0.334649811311,0.346447991206
6860647,0.324301926898,0.334973036068,0.340725037034
6932873,0.324333130121,0.335574703869,0.34009216601
6846053,0.321842840164,0.334995308751,0.343161851085
6940365,0.322524398837,0.335895265926,0.341580335237
6931867,0.318621988685,0.336754344251,0.344623667065
6876383,0.314371633694,0.333373681393,0.352254684913
6910980,0.325450596218,0.334769672742,0.33977973104
6880877,0.32711309618,0.335683191262,0.337203712558
6839552,0.323506297136,0.334312679089,0.342181023775
6838051,0.32873308957,0.335002740067,0.336264170363
6928201,0.338621893896,0.331923347257,0.329454758847
6945608,0.325375891985,0.336207178634,0.338416929381
6816147,0.32539077753,0.334491960206,0.340117262263
6868129,0.318587363633,0.334660846236,0.346751790131
6849448,0.326079709247,0.33465309823,0.339267192524
7113677,0.327412810114,0.33581832051,0.336768869377
6930856,0.319290172264,0.335470013197,0.34523981454
6889594,0.325564687268,0.334790079977,0.339645232756
6842682,0.321990711548,0.335459951973,0.342549336479
6880366,0.32920218525,0.335286309373,0.335511505376
6835063,0.311672166021,0.328148883307,0.360178950672
6820479,0.334054879674,0.332904572541,0.333040547785
6882057,0.317788376928,0.334384569058,0.347827054014
6834440,0.324102283144,0.335458594302,0.340439122555
6880846,0.314143614205,0.328536040572,0.357320345223
6847248,0.31470741913,0.334336932538,0.350955648332
6868368,0.317203439255,0.334945773658,0.347850787087
6943505,0.31987773271,0.33510482625,0.34501744104
7174304,0.323523075619,0.334562443903,0.341914480478
6880747,0.324763993768,0.336617304531,0.3386187017
6933565,0.321844565515,0.336068813659,0.342086620826
6888511,0.315933895763,0.328464009214,0.355602095023
6942704,0.321854009734,0.335539116323,0.342606873943
6840304,0.323591613703,0.334766587023,0.341641799274
6856860,0.315531332591,0.334331486383,0.350137181026
6884921,0.315772594635,0.333522443769,0.350704961597
6937417,0.317026297703,0.334755213827,0.34821848847
6831129,0.314344741652,0.328296162147,0.357359096202
6936660,0.329310566759,0.335632257647,0.335057175594
6940667,0.317654241503,0.334707724344,0.347638034153
7201307,0.311885625924,0.331694479612,0.356419894464
6825434,0.314687378868,0.334365203784,0.350947417348
6848114,0.330732564658,0.333725375986,0.335542059356
6947758,0.339792966829,0.333056115812,0.32715091736
6897002,0.327417389241,0.335108975676,0.337473635083
6926661,0.311404379797,0.334873072783,0.35372254742
6867411,0.326140361395,0.334621753178,0.339237885426
6910154,0.317449695603,0.33443828944,0.348112014957
7157900,0.319734326011,0.335017294096,0.345248379893
6922324,0.317355625176,0.335417038775,0.347227336049
6863068,0.318592136922,0.334207784957,0.347200078121
6912109,0.319348782598,0.33486168607,0.345789531331
6918609,0.314659368657,0.334006071536,0.351334559807
6889300,0.326708776726,0.334653087262,0.338638136012
6837794,0.326462057584,0.335120080407,0.338417862009
6943098,0.331343026044,0.334301640769,0.334355333187
6927601,0.323492140645,0.33503917375,0.341468685605
6897826,0.321180552987,0.334669815901,0.344149631111
6882892,0.31548251696,0.334867032394,0.349650450647
6873384,0.332947923641,0.336228208892,0.330823867467
6934693,0.323568940789,0.335382882888,0.341048176323
7224450,0.321221197353,0.335013740957,0.34376506169
6898157,0.314015154084,0.33457330046,0.351411545456
6837355,0.314834642326,0.334120636286,0.351044721388
6830595,0.33390055806,0.334989315104,0.331110126836
6943561,0.326298680876,0.335717504142,0.337983814981
6844380,0.327477778636,0.33517856756,0.337343653804
6814286,0.323448085858,0.334961397645,0.341590516497
6898520,0.326749566296,0.335261354815,0.337989078888
6940979,0.328171433365,0.335394713843,0.336433852793
6851090,0.331268050381,0.33611877386,0.332613175759
7107169,0.324173530991,0.33488342678,0.340943042229
6830287,0.328352557433,0.334727273263,0.336920169304
6933575,0.321411949878,0.334895118493,0.343692931629
6938972,0.321598205555,0.335372365981,0.343029428464
6888315,0.314541160377,0.334307583131,0.351151256492
6855106,0.319348782598,0.33486168607,0.345789531331
6838237,0.329440052116,0.33370520933,0.336854738554
6901024,0.322828508938,0.334676598744,0.342494892318
6846627,0.321357126632,0.33469058979,0.343952283578
7219857,0.311673003169,0.334526735775,0.353800261056
6852685,0.328115845778,0.334988564897,0.336895589325
6831610,0.317437178391,0.335129267335,0.347433554274
6943538,0.322614507951,0.336383566053,0.341001925996
6911637,0.31328804426,0.334244785327,0.352467170413
6854543,0.315291559191,0.333279452906,0.351428987903
6940451,0.323912013327,0.335670119368,0.340417867305
6819530,0.329367742611,0.334280128024,0.336352129365
7093396,0.320140194981,0.335442015706,0.344417789313
6840326,0.312906349812,0.331575763115,0.355517887073
6834204,0.311477031182,0.332897643994,0.355625324825
6902518,0.327088951308,0.334942459753,0.337968588939
6930253,0.318173486867,0.335356830777,0.346469682356
6828293,0.299171824598,0.326439166816,0.374389008586
7203744,0.346489895248,0.330896947447,0.322613157305
6816478,0.328204220688,0.335159410715,0.336636368596
6868890,0.318165379775,0.335067403587,0.346767216639
6879338,0.318726163275,0.334651235685,0.34662260104
6898532,0.326330873594,0.334600772774,0.339068353632
6899965,0.3252647621,0.334429648752,0.340305589148
7133875,0.314410806364,0.333547485636,0.352041707999
6822218,0.324173530991,0.33488342678,0.340943042229
6814018,0.328352557433,0.334727273263,0.336920169304
6896376,0.324876690583,0.33448709444,0.340636214977
6918670,0.324990298342,0.334877413831,0.340132287828
6867839,0.311885625924,0.331694479612,0.356419894464
6823554,0.313648064525,0.333436189335,0.35291574614
6934798,0.320347259563,0.333935259316,0.345717481121
6820823,0.326702494115,0.335384588048,0.337912917838
6880212,0.319692939105,0.33504393395,0.345263126945
6934814,0.321607232639,0.335167576411,0.343225190951
7254134,0.319457311915,0.33517381545,0.345368872635
6938303,0.325177011297,0.334832273433,0.339990715269
6813807,0.321972167457,0.334153288166,0.343874544377
6878604,0.3190890722,0.325845675108,0.355065252691
6876763,0.325622409402,0.33560881744,0.338768773158
6844352,0.313476437196,0.334206852861,0.352316709943
6915939,0.33255877913,0.336822427407,0.330618793463
7109370,0.32539077753,0.334491960206,0.340117262263
6855445,0.320781147201,0.33607138393,0.343147468869
6818668,0.327185690116,0.334502458076,0.338311851808
6836527,0.304656057607,0.327022015413,0.36832192698
6831717,0.316775948784,0.334767069779,0.348456981437
6937162,0.323823309447,0.334908904931,0.341267785622
6922876,0.314106725074,0.328797907375,0.357095367551
7109482,0.326233600753,0.33502342989,0.338742969357
6940972,0.324425289514,0.335416426915,0.340158283571
6883790,0.325305177244,0.335462351965,0.339232470792
6921643,0.323708527043,0.335371818025,0.340919654931
6935700,0.316901178707,0.334816225668,0.348282595625
6827025,0.321451040244,0.335994158937,0.342554800819
6943096,0.320322184312,0.335066685253,0.344611130435
7161468,0.322414865982,0.334511016003,0.343074118014
6879610,0.313947670045,0.3340349415,0.352017388456
6935762,0.323014147111,0.335486856506,0.341498996383
6925042,0.315705524005,0.334325863159,0.349968612836
7121050,0.316200758586,0.334519638001,0.349279603413
6821601,0.329410028995,0.334820980283,0.335768990722
6926810,0.314659368657,0.334006071536,0.351334559807
6946532,0.3141598997,0.334813768799,0.3510263315
6875171,0.331489816901,0.336014916708,0.332495266391
7096285,0.326133474708,0.334957744064,0.338908781227
6812321,0.323373873703,0.334477943337,0.342148182961
6822697,0.322586824843,0.329391840978,0.348021334179
6941294,0.312119672221,0.334307882093,0.353572445686
6873564,0.315949739734,0.325460192301,0.358590067966
6926791,0.318802554759,0.334926155902,0.346271289339
7142444,0.334275543624,0.331248652059,0.334475804318
6878128,0.329927901943,0.333332584159,0.336739513898
6927428,0.320499828922,0.336056573227,0.343443597852
6812674,0.310523142471,0.327907000506,0.361569857022
6881774,0.324574637669,0.336134157628,0.339291204703
7167797,0.316492131921,0.334457045882,0.349050822196
6865238,0.325164990483,0.335640478457,0.33919453106
6841710,0.32899449363,0.334654057406,0.336351448964
6856334,0.318549315659,0.325868808981,0.35558187536
6906462,0.316540091494,0.334590745716,0.34886916279
6837438,0.328352557433,0.334727273263,0.336920169304
6908277,0.323661583625,0.33464969934,0.341688717035
6841291,0.324256196918,0.333571426995,0.342172376086
6915178,0.325985117665,0.335384996394,0.338629885941
6893031,0.327477778636,0.33517856756,0.337343653804
6894985,0.32986636691,0.334839470514,0.335294162576
6931134,0.331160028533,0.335262702101,0.333577269366
6872264,0.324837947905,0.334869904223,0.340292147872
6816953,0.328352557433,0.334727273263,0.336920169304
7163518,0.336641970523,0.337399518352,0.325958511125
6893253,0.321398189615,0.334960056598,0.343641753787
6943822,0.324575698575,0.335761284711,0.339663016714
6946313,0.325465464663,0.335004481523,0.339530053813
6839443,0.321558284383,0.334567207357,0.34387450826
6911338,0.323576414621,0.335051255789,0.34137232959
7223877,0.334609884187,0.334400777303,0.33098933851
6917884,0.320989985359,0.334941094454,0.344068920187
6823126,0.31540633407,0.333922981756,0.350670684174
6939488,0.328996262743,0.335248236879,0.335755500378
7196924,0.323408733446,0.335025223916,0.341566042638
6905685,0.31787074706,0.334554395042,0.347574857898
6894092,0.319825577944,0.334970142252,0.345204279805
6812181,0.320868684607,0.334146115473,0.34498519992
6854610,0.3192499371,0.334872225448,0.345877837452
6873754,0.325998422282,0.335616624236,0.338384953482
6859181,0.347042862456,0.330514762443,0.322442375101
6825402,0.321215711711,0.334779049735,0.344005238554
6819526,0.314241231974,0.334452270102,0.351306497923
6896065,0.312627533263,0.333558358977,0.35381410776
6931793,0.322812888625,0.335326147993,0.341860963382
6907360,0.319028838282,0.334962495254,0.346008666464
6813182,0.322282222647,0.334492163412,0.343225613942
6823959,0.315958683696,0.334286667209,0.349754649095
6942189,0.330021385337,0.33606104794,0.333917566723
6844384,0.318508893681,0.334314883317,0.347176223003
6836888,0.332740852638,0.335171301789,0.332087845574
6917844,0.316412069968,0.334872152024,0.348715778008
6937842,0.323014147111,0.335486856506,0.341498996383
6926917,0.32416540238,0.334978283836,0.340856313784
7160740,0.327182772428,0.334871964601,0.337945262971
6936310,0.323014147111,0.335486856506,0.341498996383
6849109,0.327477778636,0.33517856756,0.337343653804
6831018,0.301863665989,0.334670322234,0.363466011776
6909842,0.313563248991,0.333181101958,0.353255649051
6861360,0.314380867893,0.334365270107,0.351253862
6883414,0.323192035142,0.33469239288,0.342115571978
6876026,0.324301926898,0.334973036068,0.340725037034
7095390,0.306711012336,0.327229514371,0.366059473294
6932265,0.336521351942,0.334431845794,0.329046802264
6870949,0.318308520587,0.335013371876,0.346678107537
6831335,0.32255598669,0.335256097606,0.342187915704
6895698,0.322723271447,0.334155535671,0.343121192882
6889889,0.327477778636,0.33517856756,0.337343653804
6876679,0.32573409309,0.336562049599,0.337703857311
6947097,0.321412309436,0.329010545572,0.349577144992
6874970,0.322225119194,0.335547524068,0.342227356738
6831069,0.33771458625,0.334953194009,0.327332219742
6833628,0.324641363205,0.334281828892,0.341076807902
6819282,0.323737999151,0.335524547727,0.340737453122
6825025,0.313648064525,0.333436189335,0.35291574614
6856513,0.319348782598,0.33486168607,0.345789531331
6928711,0.309777863682,0.328730808498,0.361491327819
6832548,0.324226375429,0.334548472203,0.341225152368
6881870,0.322209764047,0.336066698862,0.341723537091
6866978,0.327893720854,0.335228371975,0.336877907171
7163400,0.336641970523,0.337399518352,0.325958511125
6917187,0.332594608485,0.335644119138,0.331761272378
6927475,0.321100351069,0.335474763487,0.343424885444
6903243,0.32336987198,0.336012993811,0.340617134209
6876188,0.322508688135,0.334829923236,0.342661388629
6922219,0.318059695621,0.3350267155,0.346913588879
7104085,0.309772021093,0.327684564517,0.36254341439
6920897,0.32517825378,0.336230431179,0.338591315042
6812177,0.315801814717,0.334053023259,0.350145162023
6941047,0.321169210216,0.335349545092,0.343481244692
6827609,0.317663907067,0.333977495433,0.3483585975
6934328,0.318651641721,0.335482436161,0.345865922119
6937556,0.336315937611,0.334869596094,0.328814466295
6879765,0.326429893454,0.334578661314,0.338991445232
6942927,0.314574724375,0.334660190969,0.350765084657
6945170,0.325767555309,0.335843865964,0.338388578728
6901915,0.318209820887,0.335023730533,0.34676644858
6824475,0.318650986938,0.334455963773,0.346893049289
6832968,0.325944105336,0.3342146895,0.339841205165
7166718,0.308534505992,0.328480491842,0.362985002166
6905079,0.321180552987,0.334669815901,0.344149631111
6940297,0.33293334853,0.336185755517,0.330880895953
6911080,0.322028738355,0.334951185838,0.343020075808
6917208,0.320564142916,0.334612494902,0.344823362181
6858925,0.325720253802,0.336592707675,0.337687038523
7169883,0.323785683853,0.335625230279,0.340589085869
6944112,0.336605605546,0.335905734402,0.327488660053
6885816,0.326616438295,0.334710093516,0.338673468189
6837733,0.319063407639,0.334625301794,0.346311290567
6828658,0.324403515838,0.335867194965,0.339729289197
6839429,0.327185690116,0.334502458076,0.338311851808
7164794,0.323523075619,0.334562443903,0.341914480478
6837661,0.328499235644,0.335541640201,0.335959124155
6883255,0.318194171114,0.334703429849,0.347102399037
6833054,0.31917468598,0.334680483341,0.346144830679
7675463,0.325202187329,0.335692870405,0.339104942266
6871526,0.328398405725,0.333858248758,0.337743345518
6876295,0.323985257237,0.336546957036,0.339467785727
7204045,0.30958075805,0.334172447736,0.356246794214
6840357,0.324558650665,0.3349869484,0.340454400935
6917531,0.310556865863,0.329670536126,0.359772598011
6886057,0.329740354329,0.334864469778,0.335395175893
6833734,0.317353782689,0.334481516964,0.348164700347
6908098,0.323847134774,0.335273541731,0.340879323496
6860562,0.319658810457,0.334531503336,0.345809686207
6859167,0.331906406883,0.33365500395,0.334438589167
6812141,0.317630083013,0.334017051639,0.348352865348
6919431,0.312166961199,0.334520732116,0.353312306685
6869389,0.324431760632,0.334981251669,0.340586987699
6906034,0.317892939734,0.334102957251,0.348004103014
7108495,0.305417183808,0.334783918032,0.35979889816
6864681,0.312458924691,0.334269594655,0.353271480654
6893982,0.316882314974,0.334799289041,0.348318395985
6862160,0.322028738355,0.334951185838,0.343020075808
6854804,0.319876567781,0.334822829753,0.345300602466
7143164,0.321959777783,0.335076341722,0.342963880495
6936651,0.322799797621,0.335049880111,0.342150322268
6837450,0.326326124688,0.334865232881,0.338808642431
6908259,0.335925222001,0.334319108713,0.329755669286
6916539,0.32416540238,0.334978283836,0.340856313784
6947176,0.328440013132,0.334267127065,0.337292859803
6933958,0.335394871388,0.334385718987,0.330219409625
6816549,0.326702494115,0.335384588048,0.337912917838
6876117,0.313013761749,0.334135488926,0.352850749326
6848605,0.323287856454,0.334773635772,0.341938507774
6840659,0.324173530991,0.33488342678,0.340943042229
6823496,0.331223958118,0.335064455573,0.333711586309
6912609,0.306702806032,0.327908955453,0.365388238515
7097937,0.306782735952,0.334945705363,0.358271558685
6924524,0.318855465554,0.334876987511,0.346267546934
6938236,0.328599592475,0.335278528973,0.336121878552
6865751,0.32018554617,0.334917389967,0.344897063862
6936323,0.315260818312,0.334908565786,0.349830615902
6868422,0.326969649381,0.335476489995,0.337553860623
7210133,0.324146698511,0.335619733963,0.340233567526
7215631,0.324051044244,0.335113323279,0.340835632476
6940189,0.324738929503,0.335084339053,0.340176731444
6888941,0.307963420708,0.333430144769,0.358606434523
6831598,0.32330509491,0.334355086996,0.342339818094
6939963,0.315564380811,0.334554783582,0.349880835606
6897175,0.324837947905,0.334869904223,0.340292147872
6816167,0.32441979549,0.335349175959,0.34023102855
6812965,0.318815633999,0.3342514857,0.346932880301
7149372,0.335968113666,0.336176503718,0.327855382616
6875959,0.313662385302,0.334086995301,0.352250619398
6925644,0.321555010206,0.335503354429,0.342941635365
6874269,0.321849286012,0.334543482506,0.343607231482
6814721,0.323113735432,0.334474052936,0.342412211632
6922432,0.31830803276,0.335299345714,0.346392621526
6858861,0.322467374455,0.334768853429,0.342763772116
6835339,0.308573458219,0.327485443677,0.363941098104
6896997,0.325564687268,0.334790079977,0.339645232756
6921134,0.317595213663,0.328841362261,0.353563424076
6883685,0.32711309618,0.335683191262,0.337203712558
6911406,0.306437527537,0.327900668122,0.36566180434
6825733,0.336173566785,0.333460291752,0.330366141463
6884462,0.327532920149,0.335214420971,0.33725265888
6858682,0.320437476696,0.335640976424,0.34392154688
6894013,0.322418363918,0.336223312364,0.341358323718
6856391,0.334901810239,0.33407423452,0.331023955242
6828064,0.311627901668,0.333057463099,0.355314635232
6817336,0.301397748704,0.332324735688,0.366277515607
6819178,0.322282222647,0.334492163412,0.343225613942
7147339,0.328627759904,0.337595290844,0.333776949252
6887757,0.332604132317,0.334123355474,0.33327251221
6946859,0.321555010206,0.335503354429,0.342941635365
6855963,0.3252647621,0.334429648752,0.340305589148
6839828,0.326476670768,0.335208759822,0.33831456941
6870806,0.32507687938,0.33586212353,0.33906099709
6880221,0.321180552987,0.334669815901,0.344149631111
6921809,0.32129854857,0.335358561929,0.343342889501
6897069,0.322415063268,0.335104284917,0.342480651815
6897157,0.329687816895,0.333887206235,0.33642497687
6898912,0.315796778226,0.334713201719,0.349490020055
6856271,0.324224890996,0.335945678388,0.339829430615
6888381,0.315987593923,0.329075871691,0.354936534385
7099191,0.319583534346,0.325743703496,0.354672762158
6917882,0.324400783721,0.334831709414,0.340767506864
6931260,0.306750923116,0.334010017928,0.359239058956
6849996,0.328324677837,0.335826955584,0.335848366579
6887973,0.32225330022,0.33616369582,0.34158300396
6850205,0.326749566296,0.335261354815,0.337989078888
6845657,0.322195748927,0.336906904566,0.340897346507
6930302,0.31908108045,0.334116376175,0.346802543375
6852391,0.326658915666,0.334573614456,0.338767469878
6920411,0.330725907885,0.335349055098,0.333925037018
6907999,0.314162382906,0.334105088301,0.351732528793
6864094,0.321180552987,0.334669815901,0.344149631111
6813852,0.322029988944,0.334869664117,0.343100346939
7232295,0.328142086021,0.335699139625,0.336158774354
6896558,0.323101618249,0.334818136164,0.342080245587
6858919,0.325065463139,0.335076386167,0.339858150695
6847828,0.325025515152,0.336125387656,0.338849097192
6925116,0.326958030517,0.335124877811,0.337917091672
6854687,0.329568580641,0.334847556934,0.335583862425
6946415,0.320989985359,0.334941094454,0.344068920187
6827859,0.308656922934,0.327659227885,0.363683849181
6884313,0.331696179367,0.33533250463,0.332971316004
6848651,0.318726163275,0.334651235685,0.34662260104
7136298,0.31957613505,0.334962185844,0.345461679106
6874534,0.32018554617,0.334917389967,0.344897063862
6908942,0.329916097719,0.334918377237,0.335165525044
6894718,0.312458924691,0.334269594655,0.353271480654
6876449,0.326616438295,0.334710093516,0.338673468189
6825630,0.322429957828,0.334819311519,0.342750730653
7155655,0.3220662488,0.336101882725,0.341831868475
7201310,0.319886350833,0.33463186971,0.345481779457
6864334,0.316979654953,0.33457695594,0.348443389107
6876658,0.318726163275,0.334651235685,0.34662260104
6842370,0.32759503928,0.333460839395,0.338944121324
6835467,0.333506055445,0.333951145556,0.332542799
7227368,0.323356242006,0.335228596982,0.341415161012
6859482,0.330430118209,0.334767820505,0.334802061287
6878641,0.318194171114,0.334703429849,0.347102399037
6869916,0.303988269379,0.327493301298,0.368518429323
6841060,0.321325109761,0.335639601896,0.343035288343
6887832,0.317692167218,0.33462955901,0.347678273772
6905898,0.319692939105,0.33504393395,0.345263126945
7104742,0.324911166627,0.334940136508,0.340148696864
6948090,0.322714765178,0.335451822978,0.341833411843
6839851,0.32481152901,0.335897162136,0.339291308854
6934051,0.315705524005,0.334325863159,0.349968612836
6888727,0.328280238732,0.335618690398,0.33610107087
7167478,0.322467374455,0.334768853429,0.342763772116
6892109,0.323441745041,0.334771828796,0.341786426163
6908544,0.336187679153,0.334096683625,0.329715637221
6921725,0.323576273917,0.336122991917,0.340300734166
6932343,0.323974570382,0.335271942731,0.340753486887
6914309,0.321480635116,0.335018495471,0.343500869413
6919805,0.326415216243,0.33525497103,0.338329812727
6947828,0.321862747004,0.334553839941,0.343583413055
6920362,0.31745518425,0.335205173637,0.347339642113
7110179,0.330909145255,0.334682416841,0.334408437904
6877834,0.329450550392,0.335309152313,0.335240297295
6876966,0.32731437124,0.334591037427,0.338094591332
6823918,0.319348479757,0.334378653604,0.346272866638
6871243,0.316249713854,0.334264963441,0.349485322705
6928189,0.321967865902,0.33507569272,0.342956441377
6852455,0.322508388862,0.335097250226,0.342394360912
7208631,0.317865287497,0.335260920252,0.346873792251
6831811,0.331223958118,0.335064455573,0.333711586309
6904276,0.314526225076,0.333879256752,0.351594518172
6831589,0.32587431753,0.334722581066,0.339403101405
6901814,0.320071772107,0.334588477452,0.345339750441
6854667,0.34162770568,0.330504820802,0.327867473518
7192650,0.304890699768,0.33452759129,0.360581708943
6836299,0.322648932719,0.334554487017,0.342796580264
6887919,0.314383621019,0.334049090315,0.351567288665
6927679,0.323439283389,0.335374482247,0.341186234364
6855908,0.32899449363,0.334654057406,0.336351448964
6854766,0.322340609783,0.334620127806,0.343039262412
6847472,0.323661583625,0.33464969934,0.341688717035
6862519,0.322209764047,0.336066698862,0.341723537091
6938819,0.331343026044,0.334301640769,0.334355333187
6945434,0.323232367024,0.336336668106,0.34043096487
6832722,0.339640809847,0.329961896256,0.330397293897
6852707,0.317396958157,0.334487330269,0.348115711574
7177680,0.319766555929,0.335550255523,0.344683188549
6834945,0.308476203805,0.335453452028,0.356070344167
6890316,0.32188389071,0.334894522713,0.343221586577
6816620,0.305695353697,0.327573330232,0.366731316071
6945175,0.314841266665,0.334662504767,0.350496228569
6914016,0.31769575646,0.336332923523,0.345971320018
6852619,0.324690021916,0.334532056265,0.34077792182
6813211,0.328590827675,0.335549366076,0.335859806249
6820546,0.320192361231,0.334768559085,0.345039079683
6836128,0.320159244521,0.328688544248,0.351152211231
6850557,0.326285445268,0.334614660302,0.33909989443
6864997,0.313506410305,0.332404428576,0.354089161118
6883705,0.321236448005,0.335151395894,0.3436121561
6898767,0.315424997219,0.334271545261,0.35030345752
6866020,0.31957613505,0.334962185844,0.345461679106
7126382,0.332300385259,0.334812176893,0.332887437848
6847427,0.327551569562,0.335702947001,0.336745483438
6841013,0.320196059384,0.334021114612,0.345782826004
6909469,0.315987593923,0.329075871691,0.354936534385
6922473,0.312814641982,0.334473050758,0.35271230726
6925906,0.325790179514,0.33527949834,0.338930322146
6946014,0.321480635116,0.335018495471,0.343500869413
6820739,0.321325109761,0.335639601896,0.343035288343
6927559,0.326610860926,0.335584548294,0.337804590781
7174772,0.317159511249,0.33463353452,0.348206954231
6931036,0.320009099181,0.336619693868,0.343371206951
6918163,0.316412069968,0.334872152024,0.348715778008
6893604,0.3252647621,0.334429648752,0.340305589148
6868844,0.325025515152,0.336125387656,0.338849097192
6814537,0.333412583271,0.333148619759,0.333438796971
6916118,0.307461664448,0.335524276491,0.357014059061
6838509,0.32587431753,0.334722581066,0.339403101405
6919725,0.329310566759,0.335632257647,0.335057175594
6932476,0.305536621745,0.331586990257,0.362876387998
6860496,0.326749566296,0.335261354815,0.337989078888
7156799,0.318726163275,0.334651235685,0.34662260104
6837521,0.318380690882,0.334223245136,0.347396063982
6913204,0.321900299359,0.334252210925,0.343847489715
6947516,0.32471973417,0.335725518357,0.339554747473
6838117,0.321923071106,0.334830735412,0.343246193482
6933366,0.320703296725,0.334602356704,0.344694346571
7134198,0.322563152446,0.334850292944,0.34258655461
6898450,0.321760898688,0.334262621622,0.343976479691
6819926,0.325412375225,0.334717355269,0.339870269506
6947698,0.318662850665,0.335720807746,0.345616341588
6838721,0.311931131143,0.336201456064,0.351867412793
6936661,0.331758879667,0.336942827656,0.331298292678
6912257,0.319980084118,0.334481909965,0.345538005918
6905569,0.313662385302,0.334086995301,0.352250619398
6927167,0.326610860926,0.335584548294,0.337804590781
7150689,0.318755359509,0.334541095949,0.346703544542
6820358,0.322689439765,0.335322314362,0.341988245873
6945045,0.322321748939,0.335296637167,0.342381613893
6866884,0.320420532,0.335314691852,0.344264776149
6820658,0.32539077753,0.334491960206,0.340117262263
6826462,0.321038383678,0.334889367469,0.344072248853
6932390,0.321844565515,0.336068813659,0.342086620826
6905031,0.325720253802,0.336592707675,0.337687038523
6923011,0.319541388126,0.334114321372,0.346344290502
6908504,0.328393045726,0.336229231191,0.335377723083
6881050,0.331580609358,0.335228467325,0.333190923316
6892968,0.319692939105,0.33504393395,0.345263126945
7346996,0.329011037576,0.335290951045,0.335698011378
6876206,0.316515215244,0.334646022807,0.348838761949
6813475,0.324934063498,0.334374452032,0.34069148447
7190057,0.32677253482,0.332496369537,0.340731095643
6838465,0.330518444586,0.33474406356,0.334737491853
6899364,0.323385765219,0.335494402867,0.341119831915
6891616,0.308932034223,0.328565937962,0.362502027815
6836715,0.31641211514,0.334498433549,0.349089451311
6829616,0.320317914041,0.334455215267,0.345226870692
6829144,0.325129328671,0.335787179876,0.339083491454
6893064,0.319926930906,0.335863648956,0.344209420137
6861300,0.312664923391,0.334275615456,0.353059461154
6926847,0.323309174024,0.336904950449,0.339785875527
6894021,0.319113394618,0.333613886185,0.347272719197
6897946,0.322147869255,0.333787391109,0.344064739636
6835716,0.325022244249,0.334438627645,0.340539128106
6832160,0.332813177915,0.334727295796,0.332459526289
6835291,0.320554633129,0.333418163696,0.346027203175
6945184,0.307388958226,0.333885159684,0.35872588209
7140488,0.326074191981,0.335959251031,0.337966556989
6937850,0.324943897241,0.335505557466,0.339550545293
6899603,0.314956611059,0.32841698526,0.356626403682
6903105,0.323990860039,0.334623131734,0.341386008228
6828476,0.31958355755,0.33439110764,0.34602533481
6835098,0.314834642326,0.334120636286,0.351044721388
6830512,0.323191037665,0.334817795551,0.341991166783
6879997,0.31971179781,0.3344823243,0.345805877889
7131517,0.320406173467,0.334748746002,0.344845080531
6835955,0.327444539864,0.334435900662,0.338119559474
6875250,0.322225119194,0.335547524068,0.342227356738
6932794,0.323492140645,0.33503917375,0.341468685605
6948263,0.321114059219,0.336263980889,0.342621959892
6867201,0.330181065499,0.335222579706,0.334596354796
6882748,0.326426628365,0.33352114057,0.340052231064
6902842,0.323674678713,0.334925605311,0.341399715976
6847535,0.323985638563,0.336216260847,0.33979810059
6825267,0.323373873703,0.334477943337,0.342148182961
6909277,0.311778447828,0.328034509845,0.360187042328
7152429,0.332408204638,0.335756929588,0.331834865773
6931179,0.312119672221,0.334307882093,0.353572445686
6896746,0.328299711034,0.334936562951,0.336763726015
6937073,0.311781266382,0.333942389224,0.354276344394
6934627,0.302811535574,0.327484688725,0.369703775702
6887878,0.329285012306,0.334922617058,0.335792370636
6921531,0.323576273917,0.336122991917,0.340300734166
6897461,0.316530794271,0.328661101888,0.354808103841
6862066,0.323192035142,0.33469239288,0.342115571978
6851531,0.32669755014,0.333788624951,0.339513824909
6928550,0.319235062524,0.335074871251,0.345690066225
6945851,0.322278443827,0.335427582943,0.34229397323
6946955,0.306965992121,0.336140462378,0.356893545501
6869136,0.328824312643,0.336038257399,0.335137429958
6908667,0.330191391699,0.336009131678,0.333799476623
6820525,0.325525334752,0.334464063449,0.340010601799
6887970,0.325459072836,0.334717313571,0.339823613593
6848365,0.320991265504,0.334688942545,0.344319791952
6816173,0.317207002769,0.334021191837,0.348771805394
6900732,0.310873142835,0.328558638123,0.360568219041
6815786,0.321177087463,0.334935590777,0.34388732176
6945972,0.325282314635,0.335055595711,0.339662089653
6848445,0.324051680031,0.334587430822,0.341360889147
6856486,0.323208766285,0.334296104076,0.342495129639
6867010,0.3166365986,0.334282920349,0.349080481052
6828257,0.335432386231,0.33176071643,0.33280689734
6871807,0.325603353261,0.334681507138,0.3397151396
7212966,0.304000351065,0.328203594999,0.367796053936
6889959,0.321247845223,0.333937448308,0.344814706469
6915510,0.318771092792,0.335020905303,0.346208001904
6905402,0.316328712602,0.334612022817,0.34905926458
6826100,0.321714604947,0.334904847277,0.343380547777
6848893,0.320891989568,0.334970508906,0.344137501526
7155647,0.324354873058,0.334638075215,0.341007051727
6812883,0.328865743068,0.334566062706,0.336568194226
6866095,0.31663461965,0.334423572378,0.348941807972
6931127,0.315923429915,0.334620020299,0.349456549786
6829407,0.315710131258,0.334585648521,0.349704220221
6867548,0.335641084189,0.336245724039,0.328113191771
7132575,0.319163576135,0.334904899672,0.345931524194
6890847,0.327498067946,0.334539383794,0.33796254826
6916429,0.318002361121,0.329542924877,0.352454714002
6884716,0.334803548765,0.333960383082,0.331236068154
6896897,0.332919350103,0.333765345441,0.333315304456
6941572,0.319772435958,0.334007479821,0.346220084221
6945277,0.321169210216,0.335349545092,0.343481244692
7133293,0.320675923097,0.335278713705,0.344045363198
7213385,0.315922888705,0.334664353073,0.349412758222
6831928,0.322212232667,0.334529826236,0.343257941097
6932687,0.317339981713,0.33509632437,0.347563693917
6873877,0.320071772107,0.334588477452,0.345339750441
7135459,0.326769489892,0.334621684874,0.338608825234
6876620,0.309544714373,0.332223859205,0.358231426422
6936163,0.317069304567,0.335269211014,0.347661484419
6912398,0.318777613888,0.335757805335,0.345464580777
6917655,0.323081184519,0.334302023073,0.342616792409
6941149,0.322392379205,0.336199604837,0.341408015958
6941378,0.322278443827,0.335427582943,0.34229397323
6882453,0.317354015205,0.334355453282,0.348290531513
7119160,0.322044596318,0.334576690261,0.343378713421
6868451,0.32317702322,0.335210648373,0.341612328407
6945881,0.320063109119,0.335061330926,0.344875559955
6822541,0.315406998709,0.334336059218,0.350256942073
6884355,0.326969649381,0.335476489995,0.337553860623
7132247,0.324033521832,0.33522869024,0.340737787928
6872049,0.324301926898,0.334973036068,0.340725037034
6890740,0.314956611059,0.32841698526,0.356626403682
6840897,0.331571123153,0.334802861255,0.333626015592
6847694,0.326016333976,0.334933036747,0.339050629277
6938196,0.315686945937,0.335059249799,0.349253804265
6939526,0.320453775989,0.334901566881,0.34464465713
6917529,0.314800407472,0.328738769302,0.356460823226
6885636,0.316638056966,0.334108038567,0.349253904468
7202614,0.309733638519,0.329066593726,0.361199767755
6926453,0.32470032124,0.3351929962,0.34010668256
6844636,0.323408733446,0.335025223916,0.341566042638
6879293,0.332604132317,0.334123355474,0.33327251221
6924780,0.325977056799,0.335234000142,0.338788943059
6881024,0.323832901414,0.327808511611,0.348358586975
6851374,0.326824575814,0.335914069852,0.337261354333
6850953,0.320675923097,0.335278713705,0.344045363198
6892292,0.310625410479,0.33367592156,0.355698667961
6886159,0.315405052138,0.333971783747,0.350623164115
6849877,0.325459072836,0.334717313571,0.339823613593
6940840,0.318134918869,0.334947584337,0.346917496793
6926838,0.319826194956,0.335440964964,0.344732840079
6879243,0.325737924981,0.336074937197,0.338187137822
6944286,0.314421177351,0.336178512131,0.349400310518
6915587,0.330823703575,0.335744364355,0.33343193207
6881904,0.321111753561,0.33454638157,0.34434186487
7154358,0.329569088853,0.333793039736,0.336637871411
6899258,0.321180552987,0.334669815901,0.344149631111
6855460,0.328280238732,0.335618690398,0.33610107087
6864884,0.323523075619,0.334562443903,0.341914480478
6868209,0.322415063268,0.335104284917,0.342480651815
6853834,0.321079978179,0.334881501828,0.344038519993
7210020,0.323004487485,0.335274488439,0.341721024076
6933228,0.319328573723,0.335313226714,0.345358199562
6929227,0.329320919569,0.336419825865,0.334259254566
7192346,0.328365584208,0.335510713001,0.336123702791
6928834,0.31366315004,0.334447248333,0.351889601627
6812269,0.319045875568,0.334294788473,0.346659335959
6851446,0.322875280643,0.336142986359,0.340981732997
6930820,0.310144085505,0.33461538554,0.355240528954
6875310,0.324256196918,0.333571426995,0.342172376086
6932397,0.322072771619,0.336390444967,0.341536783414
6904291,0.31470741913,0.334336932538,0.350955648332
6921642,0.321554783598,0.334909347914,0.343535868488
7136057,0.328369218833,0.334975287626,0.336655493541
6920815,0.314441429258,0.333666715098,0.351891855644
6861757,0.328280238732,0.335618690398,0.33610107087
6934222,0.330985282319,0.333121532321,0.33589318536
6946448,0.325883628052,0.335666459058,0.338449912889
6890569,0.327477778636,0.33517856756,0.337343653804
6884477,0.32227144117,0.335139351996,0.342589206835
7145006,0.313153798203,0.333906891746,0.352939310051
6893718,0.308926539727,0.331664312752,0.359409147521
6893330,0.322340609783,0.334620127806,0.343039262412
6901780,0.310746979789,0.334172985654,0.355080034557
6815738,0.327890090036,0.334828746192,0.337281163772
6917209,0.322966581852,0.335049529562,0.341983888586
6904227,0.317692167218,0.33462955901,0.347678273772
6894402,0.313013761749,0.334135488926,0.352850749326
7146083,0.322933493227,0.335989575038,0.341076931735
6902153,0.316557431048,0.333936105359,0.349506463593
6925988,0.326056052268,0.337601842663,0.33634210507
6881323,0.303988269379,0.327493301298,0.368518429323
6937405,0.336627812535,0.331626692316,0.331745495149
7098390,0.32539077753,0.334491960206,0.340117262263
6935942,0.323847748181,0.336540002516,0.339612249303
6833510,0.324173530991,0.33488342678,0.340943042229
6812857,0.326621114803,0.335172605785,0.338206279412
6828441,0.328128164643,0.334790678658,0.337081156698
6915711,0.326826054881,0.335562190446,0.337611754673
6880643,0.335480173381,0.335034068,0.329485758619
7224930,0.320756139576,0.335293807558,0.343950052866
6852614,0.317372167086,0.335657184203,0.346970648711
6853816,0.32336987198,0.336012993811,0.340617134209
6811964,0.324664031522,0.334571306469,0.340764662009
6847800,0.313859978458,0.33445819183,0.351681829712
6859897,0.321305278304,0.335026237687,0.343668484009
6882929,0.313662385302,0.334086995301,0.352250619398
7157584,0.316730252234,0.334506603982,0.348763143784
6863444,0.319126276185,0.328817988719,0.352055735096
6836902,0.313534494589,0.333993673978,0.352471831433
6918960,0.323287943267,0.334966458463,0.341745598269
6882854,0.323101618249,0.334818136164,0.342080245587
6822755,0.315472995879,0.32502059818,0.359506405941
6815184,0.333078398753,0.334689730263,0.332231870984
6846582,0.322340609783,0.334620127806,0.343039262412
6940309,0.311075058485,0.333479128872,0.355445812643
6924056,0.312166961199,0.334520732116,0.353312306685
6824481,0.319035496944,0.334813506033,0.346150997023
6839735,0.316364120864,0.334364713432,0.349271165704
6900130,0.320831212021,0.334790419799,0.34437836818
6946739,0.317803069136,0.335169885469,0.347027045395
7144008,0.322242099664,0.334932907176,0.342824993159
6863751,0.313662385302,0.334086995301,0.352250619398
6820293,0.323596549999,0.334707411041,0.34169603896
6818472,0.319035496944,0.334813506033,0.346150997023
6832420,0.322648932719,0.334554487017,0.342796580264
6879450,0.307218118181,0.331551372488,0.361230509331
6943618,0.317968157832,0.334919559532,0.347112282636
6883463,0.323166843364,0.334722208374,0.342110948261
6834919,0.331777216648,0.333567975611,0.334654807741
7505696,0.324571537583,0.33497001272,0.340458449697
6903645,0.323166843364,0.334722208374,0.342110948261
6831148,0.330352220436,0.333705547878,0.335942231686
6828948,0.330450361776,0.334745690875,0.334803947348
6878495,0.318508893681,0.334314883317,0.347176223003
6924862,0.316394582252,0.335435663355,0.348169754393
6887802,0.315193939304,0.333877736209,0.350928324486
6903228,0.336273295911,0.333969461025,0.329757243064
6947415,0.296568692043,0.324979946627,0.37845136133
6941508,0.331846210235,0.334638883029,0.333514906736
6856111,0.316086685778,0.33437914216,0.349534172062
7126808,0.320437931057,0.335646381216,0.343915687727
6939857,0.316079972111,0.33485365063,0.349066377259
6822528,0.326756542279,0.33644164467,0.336801813051
6947631,0.323439283389,0.335374482247,0.341186234364
6887810,0.319935329472,0.335233669419,0.344831001109
6849210,0.324261539167,0.335326538738,0.340411922095
6901742,0.305982288177,0.333108378204,0.360909333618
6850925,0.329927901943,0.333332584159,0.336739513898
7181995,0.321562217252,0.334205549453,0.344232233295
6841559,0.307097139824,0.328024134974,0.364878725202
6822957,0.320274245226,0.333314474154,0.34641128062
6943349,0.318059695621,0.3350267155,0.346913588879
6923825,0.327431685339,0.335343344245,0.337224970416
6871218,0.332566700774,0.334216286013,0.333217013213
6932761,0.323537563358,0.335248770156,0.341213666485
7168983,0.326330873594,0.334600772774,0.339068353632
6853713,0.327249982428,0.334616674778,0.338133342794
6814124,0.326233600753,0.33502342989,0.338742969357
6828980,0.311924135161,0.332967070909,0.35510879393
6939747,0.319826194956,0.335440964964,0.344732840079
6862615,0.324167286635,0.334694016335,0.341138697031
6911182,0.324301926898,0.334973036068,0.340725037034
6947421,0.323974570382,0.335271942731,0.340753486887
7163662,0.313145014133,0.32875037617,0.358104609697
6933362,0.324523820092,0.336291544891,0.339184635017
6822086,0.317755955848,0.334375436651,0.347868607501
6939543,0.327458511542,0.334839890477,0.337701597981
6882675,0.323413372067,0.33610977486,0.340476853073
