listing_id,high,medium,low
7142618,0.0658134245996,0.222354746342,0.711831829058
7210040,0.119484789887,0.307179732142,0.573335477971
7103890,0.0306629304048,0.166796683606,0.802540385989
7143442,0.0809768962146,0.270006591278,0.649016512507
6860601,0.0195912001841,0.163858612498,0.816550187318
6840081,0.000685242519761,0.0506653809126,0.948649376568
6922337,0.124448784926,0.311109303392,0.564441911682
6913616,0.10014404616,0.228825486,0.671030467841
6937820,0.105276128822,0.294875465768,0.59984840541
6893933,0.0702445422287,0.200920294075,0.728835163696
6832604,0.0111111413618,0.112044763827,0.876844094811
6915282,0.0771930226433,0.20806047633,0.714746501027
7127565,0.0365944763261,0.20271545407,0.760690069604
6827899,0.0230780281862,0.193417812851,0.783504158963
6934855,0.0502163715118,0.256996139277,0.692787489211
6861826,0.0600002661735,0.214918511824,0.725081222002
6871643,0.0643929808677,0.194464934957,0.741142084176
6842542,0.0145733211916,0.108887925371,0.876538753437
6934145,0.0373476905535,0.157903306354,0.804749003092
6829365,0.105734270949,0.295300516413,0.598965212638
7167858,0.0768504775322,0.207718730785,0.715430791683
6859483,0.117040820649,0.272286907318,0.610672272033
6861377,0.0634753735028,0.253568296852,0.682956329645
6848960,0.0499939277787,0.256610161047,0.693395911174
6918850,0.0645982369332,0.220828806649,0.714572956418
6916867,0.0917387894325,0.221637697146,0.686623513421
6895840,0.00549972355916,0.0996450506898,0.894855225751
6813539,0.12349018391,0.24633724891,0.630172567179
7116900,0.0879182862018,0.277727282976,0.634354430823
6890328,0.123455294047,0.246295731093,0.630248974861
6879406,0.0668356230455,0.360217427132,0.572946949822
6824924,0.107165817884,0.264300294333,0.628533887783
6911302,0.192314799718,0.318196854784,0.489488345498
6918742,0.128678479462,0.314426136491,0.556895384047
6910586,0.00319298817753,0.0801321044652,0.916674907357
6821750,0.0485428741475,0.174711840093,0.776745285759
6860647,0.0631284110488,0.218972006452,0.7178995825
6932873,0.0955828509576,0.285606285036,0.618810864006
6846053,0.0734022673561,0.231330465516,0.695267267128
6940365,0.015659056704,0.167013994667,0.817326948629
6931867,0.054092413073,0.302234909946,0.643672676981
6876383,0.0951659855934,0.219412677695,0.685421336712
6910980,0.102223890973,0.230455029682,0.667321079345
6880877,0.0725300310942,0.291838720455,0.63563124845
6839552,0.0348783840476,0.199109706382,0.76601190957
6838051,0.0922393125534,0.222145488782,0.685615198664
6928201,0.227114694373,0.333097470481,0.439787835146
6945608,0.103375720458,0.327440575382,0.569183704159
6816147,0.0618714790366,0.245673632,0.692454888964
6868129,0.0902037378143,0.248963694344,0.660832567842
6849448,0.137247850369,0.286968643624,0.575783506007
7113677,0.0763966460177,0.303264375426,0.620338978556
6930856,0.07574011828,0.233940382053,0.690319499667
6889594,0.0678438165958,0.253840301608,0.678315881796
6842682,0.0913728761431,0.318094186868,0.590532936989
6880366,0.18293240612,0.348321860228,0.468745733653
6835063,0.0324046456264,0.149387902331,0.818207452043
6820479,0.118519262225,0.242848901666,0.638631836109
6882057,0.0343181175235,0.174167127311,0.791514755165
6834440,0.0692458186072,0.287325024676,0.643429156717
6880846,0.102664065243,0.26042483472,0.636911100037
6847248,0.0128653792526,0.118752227166,0.868382393582
6868368,0.00701261658164,0.111147092099,0.881840291319
6943505,0.0475806797101,0.223394705757,0.729024614533
7174304,0.126582545871,0.279478543836,0.593938910293
6880747,0.160699814354,0.378776931823,0.460523253823
6933565,0.055119508934,0.268501361756,0.67637912931
6888511,0.0866631386472,0.217103801802,0.696233059551
6942704,0.134947220647,0.319004258325,0.546048521028
6840304,0.14041620265,0.3228703578,0.53671343955
6856860,0.0340027496624,0.173521312733,0.792475937605
6884921,0.0394619232219,0.183689567872,0.776848508906
6937417,0.0443620498424,0.168746865533,0.786891084624
6831129,0.0496778451636,0.176247304859,0.774074849977
6936660,0.105287623521,0.294893685211,0.599818691269
6940667,0.0243786406298,0.152636831704,0.822984527666
7201307,0.000759921907375,0.0528846377344,0.946355440358
6825434,0.047687942747,0.197286018112,0.755026039141
6848114,0.199074700845,0.321339100173,0.479586198982
6947758,0.227462195773,0.33337255363,0.439165250598
6897002,0.16034163348,0.301419864487,0.538238502033
6926661,0.00897647689992,0.12095008553,0.87007343757
6867411,0.107197727382,0.264347207093,0.628455065525
6910154,0.0392674916412,0.18333418286,0.777398325499
7157900,0.0524178591141,0.204418114261,0.743164026625
6922324,0.0600345526675,0.214998278779,0.724967168554
6863068,0.0982402425339,0.256426500798,0.645333256668
6912109,0.0521628832828,0.204033611135,0.743803505582
6918609,0.0824765505477,0.241187702842,0.67633574661
6889300,0.0878952458963,0.218224757017,0.693879997087
6837794,0.124471696447,0.311140678899,0.564387624654
6943098,0.113653233504,0.23929168868,0.647055077816
6927601,0.0464724649315,0.221478190857,0.732049344212
6897826,0.0366952264731,0.156805052864,0.806499720663
6882892,0.00924397841931,0.122348416989,0.868407604592
6873384,0.173390635734,0.379240701941,0.447368662325
6934693,0.129636381088,0.31509939859,0.555264220322
7224450,0.0618547172728,0.245632005968,0.692513276759
6898157,0.026280898567,0.183332853186,0.790386248247
6837355,0.0241249104928,0.151985708713,0.823889380794
6830595,0.182964464758,0.348353658498,0.468681876744
6943561,0.114565233012,0.303062360817,0.582372406171
6844380,0.0846649164947,0.274152414975,0.641182668531
6814286,0.0631381022079,0.218994842378,0.717867055414
6898520,0.0924620708241,0.282448003689,0.625089925487
6940979,0.158377138122,0.334560219894,0.507062641984
6851090,0.245634480603,0.374302534788,0.38006298461
7107169,0.0631305581617,0.218976061691,0.717893380147
6830287,0.158352566536,0.334533069201,0.507114364263
6933575,0.126585385931,0.279484017274,0.593930596794
6938972,0.0353002613864,0.204809548103,0.759890190511
6888315,0.02042977866,0.162474621455,0.817095599885
6855106,0.0521564916172,0.20401785097,0.743825657412
6838237,0.185640551585,0.314951611767,0.499407836647
6901024,0.121175389893,0.275455923204,0.603368686903
6846627,0.0615673740057,0.245223221526,0.693209404468
7219857,0.0181915945,0.136116619391,0.845691786108
6852685,0.14851482903,0.294303269325,0.557181901645
6831610,0.0125967906841,0.178977296678,0.808425912638
6943538,0.0618744470603,0.282501168216,0.655624384724
6911637,0.00898008172621,0.120978691901,0.870041226373
6854543,0.0340241254878,0.173593236631,0.792382637881
6940451,0.103104610227,0.292905438316,0.603989951457
6819530,0.070221397787,0.200875635005,0.728902967208
7093396,0.0665880132551,0.289611152908,0.643800833837
6840326,0.00111630928043,0.0618771599476,0.937006530772
6834204,0.0062046379409,0.0887307283498,0.905064633709
6902518,0.196165390802,0.35477032633,0.449064282867
6930253,0.00665783961642,0.107502151253,0.885840009131
6828293,0.00195662496356,0.0656887425248,0.932354632512
7203744,0.175324689688,0.276999053991,0.547676256321
6816478,0.110198418509,0.302451621011,0.58734996048
6868890,0.00986451485766,0.125552929018,0.864582556125
6879338,0.0628150500138,0.218553923835,0.718631026152
6898532,0.0584728150128,0.187527872823,0.753999312164
6899965,0.182710347043,0.348108568937,0.46918108402
7133875,0.0441469799314,0.168422837386,0.787430182682
6822218,0.0664305444657,0.223121923631,0.710447531904
6814018,0.158352566536,0.334533069201,0.507114364263
6896376,0.0702111212092,0.200856375203,0.728932503588
6918670,0.0702187577454,0.200872988376,0.728908253878
6867839,0.000421441570359,0.0414620674578,0.958116490972
6823554,0.00153412294427,0.0594923883718,0.938973488684
6934798,0.176286628796,0.344755303645,0.47895806756
6820823,0.055196289191,0.265707876848,0.679095833961
6880212,0.0178509969409,0.158100808357,0.824048194703
6934814,0.0563649462688,0.237585191227,0.706049862504
7254134,0.049647714436,0.176222777361,0.774129508204
6938303,0.0702199564899,0.200871814391,0.728908229119
6813807,0.083986676352,0.214599128205,0.701414195443
6878604,2.68929444548e-11,6.37183898086e-05,0.999936281583
6876763,0.173640790737,0.382707800282,0.443651408981
6844352,0.03925073799,0.183287278816,0.777461983194
6915939,0.224053824143,0.366646133746,0.409300042111
7109370,0.0510764657678,0.229253114702,0.719670419531
6855445,0.0175230276977,0.182939191757,0.799537780545
6818668,0.104436086056,0.232225589892,0.663338324053
6836527,0.00281168864632,0.0761206715052,0.921067639848
6831717,0.0508862835789,0.202135650164,0.746978066257
6937162,0.114141191027,0.269997661957,0.615861147016
6922876,0.148455547975,0.294235655559,0.557308796466
7109482,0.080946526072,0.269943530003,0.649109943925
6940972,0.107607030261,0.264658333024,0.627734636715
6883790,0.196274034141,0.354870843244,0.448855122615
6921643,0.129640030303,0.315103126029,0.555256843668
6935700,0.042376509659,0.216558462101,0.74106502824
6827025,0.119886054308,0.379280867879,0.500833077813
6943096,0.056361074533,0.184946517904,0.758692407562
7161468,0.0768434224314,0.207708458665,0.715448118904
6879610,0.0924426043132,0.251118812136,0.656438583551
6935762,0.117432313146,0.305442175587,0.577125511267
6925042,0.0168698876144,0.115448045051,0.867682067334
7121050,0.0628063510273,0.218535699355,0.718657949618
6821601,0.209716121051,0.360742231549,0.4295416474
6926810,0.0631054138885,0.218924492914,0.717970093197
6946532,0.0431875407984,0.190068119739,0.766744339462
6875171,0.248539296237,0.409873772282,0.341586931482
7096285,0.170244439206,0.341522613051,0.488232947744
6812321,0.0532859830744,0.181029603097,0.765684413829
6822697,0.291994304352,0.420109129796,0.287896565851
6941294,0.0374279316887,0.180010629964,0.782561438347
6873564,1.43700061225e-06,0.00439369098056,0.995604872019
6926791,0.0301811030059,0.145289010603,0.824529886391
7142444,0.234431142273,0.335893810058,0.429675047669
6878128,0.133876743212,0.253254173658,0.61286908313
6927428,0.021984291331,0.18994404145,0.788071667219
6812674,0.0356958875123,0.176806571932,0.787497540556
6881774,0.0226174907411,0.217322013708,0.760060495551
7167797,0.0310605275766,0.167639795729,0.801299676694
6865238,0.0454714205664,0.248109162772,0.706419416662
6841710,0.0803957446425,0.211227808722,0.708376446636
6856334,0.000499138997968,0.0527746043446,0.946726256657
6906462,0.0236448679848,0.171822953843,0.804532178172
6837438,0.170004241126,0.341334321708,0.488661437166
6908277,0.131819814249,0.283216632841,0.58496355291
6841291,0.0644079271427,0.194491846534,0.741100226324
6915178,0.105278041062,0.294879907278,0.59984205166
6893031,0.0965902031066,0.286610783721,0.616799013173
6894985,0.22445966653,0.366677841569,0.408862491901
6931134,0.157939029713,0.334314016575,0.507746953712
6872264,0.074060966814,0.261779666612,0.664159366574
6816953,0.170633097264,0.341686717778,0.487680184958
7163518,0.30681175369,0.422764609041,0.270423637268
6893253,0.114999463414,0.303401194244,0.581599342342
6943822,0.0802707670424,0.269203542314,0.650525690643
6946313,0.0612257862209,0.190809594947,0.747964618832
6839443,0.0225393542086,0.168746656869,0.808713988923
6911338,0.076120723361,0.23439549853,0.689483778109
7223877,0.267198319641,0.380688933964,0.352112746395
6917884,0.0983034786923,0.256525238191,0.645171283117
6823126,0.0231033985437,0.149467434372,0.827429167085
6939488,0.245357943472,0.374107293536,0.380534762992
7196924,0.121929829008,0.309123738502,0.56894643249
6905685,0.0809063633758,0.269866477945,0.649227158679
6894092,0.0906545530219,0.314027393042,0.595318053936
6812181,0.0982996280191,0.256519588677,0.645180783304
6854610,0.0599804931641,0.214871852152,0.725147654684
6873754,0.103764287846,0.327785729335,0.568449982818
6859181,0.256655810507,0.343662492745,0.399681696748
6825402,0.00776976110069,0.114288169637,0.877942069263
6819526,0.00688652317573,0.0949963609075,0.898117115917
6896065,0.00153420959974,0.0594954225079,0.938970367892
6931793,0.0729780507617,0.260423398531,0.666598550707
6907360,0.0066575927621,0.107498268404,0.885844138834
6813182,0.0302817300633,0.191083693629,0.778634576307
6823959,0.0484980610766,0.174608243456,0.776893695467
6942189,0.115825902724,0.310542017104,0.573632080171
6844384,0.0294444217779,0.164210017164,0.806345561058
6836888,0.234685697216,0.370527607436,0.394786695348
6917844,0.0431899713603,0.190074218486,0.766735810154
6937842,0.134943177962,0.318999081531,0.546057740507
6926917,0.0640979319024,0.194129283705,0.741772784392
7160740,0.111793105141,0.268120643539,0.620086251319
6936310,0.135502393434,0.319412358389,0.545085248177
6849109,0.0965876415815,0.286606421543,0.616805936876
6831018,0.0132441505802,0.120111305068,0.866644544352
6909842,0.0615365827253,0.245149094876,0.693314322398
6861360,0.0356808434002,0.176758960694,0.787560195906
6883414,0.046471916807,0.221476775451,0.732051307742
6876026,0.0757819842754,0.234020635639,0.690197380085
7095390,0.0132911542805,0.104959823593,0.881749022126
6932265,0.113716060024,0.239372921367,0.64691101861
6870949,0.0573100891481,0.211338856008,0.731351054844
6831335,0.0867708586412,0.309636218219,0.60359292314
6895698,0.070519295072,0.201179255498,0.72830144943
6889889,0.0813336130795,0.27040732455,0.64825906237
6876679,0.213999652089,0.404838601619,0.381161746293
6947097,0.134178416982,0.253615487171,0.612206095847
6874970,0.0116544964152,0.149117274144,0.839228229441
6831069,0.213275737116,0.327693307846,0.459030955038
6833628,0.130287459945,0.315658345733,0.554054194322
6819282,0.0454509908969,0.248044969915,0.706504039188
6825025,0.00249938207042,0.072569335735,0.924931282195
6856513,0.0567425097023,0.210521559639,0.732735930659
6928711,0.0615662185993,0.245222029444,0.693211751956
6832548,0.0510909376981,0.229295224549,0.719613837753
6881870,0.0256263801514,0.205927793799,0.76844582605
6866978,0.105268990077,0.294864252188,0.599866757735
7163400,0.30681175369,0.422764609041,0.270423637268
6917187,0.170097736721,0.341431581598,0.488470681681
6927475,0.0215964985938,0.170118885932,0.808284615474
6903243,0.0313641405533,0.227027282908,0.741608576539
6876188,0.100826975808,0.290700080661,0.60847294353
6922219,0.0485058780607,0.174623025722,0.776871096218
7104085,0.0226860723318,0.129857367424,0.847456560245
6920897,0.122207606444,0.344471091622,0.533321301934
6812177,0.0532447562978,0.180936019712,0.76581922399
6941047,0.0634109520014,0.219321296291,0.717267751707
6827609,0.0182065021781,0.136194414308,0.845599083513
6934328,0.0238229172251,0.176586809498,0.799590273276
6937556,0.189174148584,0.316780768054,0.494045083362
6879765,0.0702233834058,0.200880951816,0.728895664778
6942927,0.0152087523928,0.126877426143,0.857913821465
6945170,0.197081178711,0.361807544023,0.441111277266
6901915,0.0602526070911,0.215280385151,0.724467007758
6824475,0.0532654745416,0.180985901254,0.765748624205
6832968,0.176365447292,0.344830754846,0.478803797862
7166718,0.0599883724981,0.21489207805,0.725119549452
6905079,0.0421273942886,0.165428703746,0.792443901966
6940297,0.306496163731,0.42261459896,0.270889237309
6911080,0.062819184178,0.218559365645,0.718621450177
6917208,0.0768756464961,0.20776882343,0.715355530074
6858925,0.0168617970629,0.199586105763,0.783552097174
7169883,0.0669251283972,0.290135176412,0.642939695191
6944112,0.231156737275,0.369286794041,0.399556468685
6885816,0.102219994494,0.23044926164,0.667330743866
6837733,0.075387634441,0.23354166987,0.691070695689
6828658,0.0235172072333,0.204201832754,0.772280960012
6839429,0.0917371076647,0.221637888908,0.686625003427
7164794,0.126600204046,0.27950144633,0.593898349624
6837661,0.0890920777102,0.285032966085,0.625874956205
6883255,0.0508255340258,0.177764598974,0.771409867001
6833054,0.00565487262531,0.128575870941,0.865769256434
7675463,0.0973106898881,0.287353798028,0.615335512084
6871526,0.186245265184,0.31522541975,0.498529315066
6876295,0.0138377060023,0.185404209375,0.800758084623
7204045,0.0200570460434,0.141434216504,0.838508737453
6840357,0.105448203723,0.295090014765,0.599461781512
6917531,0.0134389798155,0.15750698322,0.829054036965
6886057,0.170040190182,0.341371548138,0.48858826168
6833734,0.0788625487476,0.2373567153,0.683780735953
6908098,0.0957468385303,0.285769260896,0.618483900573
6860562,0.0305994954379,0.146090245754,0.823310258808
6859167,0.205974910368,0.324431354718,0.469593734914
6812141,0.0248720548581,0.134665504291,0.840462440851
6919431,0.0392596165029,0.183314039303,0.777426344194
6869389,0.129687815555,0.315166763313,0.555145421132
6906034,0.135027901587,0.319107680345,0.545864418068
7108495,0.0389404652145,0.182767443166,0.778292091619
6864681,0.0164203790313,0.130747958689,0.85283166228
6893982,0.0905021660844,0.24923751196,0.660260321956
6862160,0.0862402166006,0.245048326899,0.6687114565
6854804,0.0884416200927,0.278208329752,0.633350050155
7143164,0.0227009076023,0.173393577539,0.803905514859
6936651,0.14278596904,0.29063300404,0.56658102692
6837450,0.107591036287,0.264634414154,0.627774549559
6908259,0.221124817702,0.337185423153,0.441689759145
6916539,0.0584596011653,0.18750319483,0.754037204005
6947176,0.113641107376,0.239275507861,0.647083384764
6933958,0.108974843279,0.235765431601,0.65525972512
6816549,0.055196289191,0.265707876848,0.679095833961
6876117,0.0392598880192,0.183314779569,0.777425332412
6848605,0.0739680617636,0.26164028107,0.664391657167
6840659,0.0631441112082,0.219006946831,0.717848941961
6823496,0.115089767992,0.303533924262,0.581376307746
6912609,0.0236494024729,0.171847408523,0.804503189004
7097937,0.0413728201421,0.186994158432,0.771633021426
6924524,0.0411946428988,0.186711328796,0.772094028305
6938236,0.107190420965,0.26433373605,0.628475842985
6865751,0.00451880730752,0.092118354268,0.903362838425
6936323,0.0406039831816,0.185686602116,0.773709414702
6868422,0.105781579603,0.295374522697,0.5988438977
7210133,0.0813172729877,0.270376133,0.648306594013
7215631,0.131845501626,0.283248614944,0.58490588343
6940189,0.0643993467838,0.194477557444,0.741123095772
6888941,0.00249797335722,0.0725397946239,0.924962232019
6831598,0.116552063647,0.27190385904,0.611544077313
6939963,0.0400258982689,0.184679029788,0.775295071943
6897175,0.0774160476791,0.265842126399,0.656741825922
6816167,0.0155842397306,0.166715270422,0.817700489848
6812965,0.0260680347552,0.156664350215,0.817267615029
7149372,0.234306244368,0.405518352428,0.360175403204
6875959,0.00460341591765,0.0786480820363,0.916748502046
6925644,0.0757747640093,0.23400870319,0.6902165328
6874269,0.0982939783602,0.256510331728,0.645195689912
6814721,0.0644794015181,0.249291634955,0.686228963527
6922432,0.0524076474948,0.204393513482,0.743198839023
6858861,0.048729271099,0.225364591035,0.725906137866
6835339,0.0169536622547,0.115679407917,0.867366929828
6896997,0.0706819458999,0.257516623532,0.671801430568
6921134,0.0584704074738,0.18752358907,0.754006003456
6883685,0.101165116426,0.325227090252,0.573607793322
6911406,0.0149009434297,0.12585942142,0.85923963515
6825733,0.128225036959,0.249582756579,0.622192206462
6884462,0.148614746701,0.294418827167,0.556966426133
6858682,0.0280516361616,0.208015177614,0.763933186224
6894013,0.0248405689407,0.224929490412,0.750229940647
6856391,0.172775172633,0.308360900513,0.518863926854
6828064,0.0358412699658,0.177046536725,0.787112193309
6817336,0.00142451269856,0.0486302596254,0.949945227676
6819178,0.0287492635979,0.185137012345,0.786113724057
7147339,0.235162071892,0.412362989472,0.352474938635
6887757,0.108980793537,0.235775900552,0.655243305912
6946859,0.0628484369832,0.218626752628,0.718524810389
6855963,0.18273733281,0.348134270441,0.469128396749
6839828,0.0889176225664,0.278778686045,0.632303691389
6870806,0.102498303877,0.326575320327,0.570926375796
6880221,0.0485224054601,0.174664144428,0.776813450112
6921809,0.140428777597,0.322885858467,0.536685363935
6897069,0.0692028038071,0.226455378402,0.704341817791
6897157,0.0918575913824,0.221767106275,0.686375302343
6898912,0.00267418969805,0.085747717641,0.911578092661
6856271,0.166743220715,0.3051855333,0.528071245985
6888381,0.0813172729877,0.270376133,0.648306594013
7099191,1.01330869504e-05,0.0102059918994,0.989783875014
6917882,0.198722128843,0.355889332724,0.445388538433
6931260,0.0191667062518,0.14070245576,0.840130837988
6849996,0.117335609099,0.340371725036,0.542292665866
6887973,0.0480139562539,0.258651767446,0.6933342763
6850205,0.0884895485885,0.278296496547,0.633213954864
6845657,0.220811174675,0.400958410018,0.378230415307
6930302,0.0983242539036,0.256560217533,0.645115528563
6852391,0.209603782123,0.360647848755,0.429748369122
6920411,0.238105603933,0.3716579217,0.390236474367
6907999,0.0392485245222,0.183279950837,0.77747152464
6864094,0.0535335745772,0.18134805475,0.765118370673
6813852,0.140434935769,0.322893461253,0.536671602978
7232295,0.129700424734,0.315183031709,0.555116543557
6896558,0.0675237428165,0.253408547507,0.679067709676
6858919,0.0620092607758,0.251463460503,0.686527278721
6847828,0.179736489382,0.382613442241,0.437650068377
6925116,0.0821852729179,0.212929868952,0.704884858131
6854687,0.116617470603,0.271993722038,0.611388807359
6946415,0.098308598514,0.256532861786,0.645158539699
6827859,0.0209629499456,0.143908083873,0.835128966181
6884313,0.241943403351,0.373050607017,0.385005989631
6848651,0.0657643778928,0.222251430835,0.711984191272
7136298,0.0902011450334,0.248957166771,0.660841688196
6874534,0.0153386121237,0.149116660985,0.835544726891
6908942,0.0917362473145,0.221633542252,0.686630210433
6894718,0.0105747750269,0.109842403955,0.879582821018
6876449,0.100044718221,0.228677443364,0.671277838415
6825630,0.14041620265,0.3228703578,0.53671343955
7155655,0.0156953748333,0.171292423868,0.813012201299
7201310,0.0431237984301,0.166916099193,0.789960102377
6864334,0.0357450245535,0.155236207393,0.809018768053
6876658,0.0688444926278,0.225991938324,0.705163569048
6842370,0.118689440813,0.242901973407,0.63840858578
6835467,0.173388790137,0.308679285583,0.51793192428
7227368,0.137232045416,0.286949393066,0.575818561517
6859482,0.182858753041,0.348248987964,0.468892258995
6878641,0.0415132914266,0.164471332077,0.794015376496
6869916,0.0308842738556,0.167236200392,0.801879525752
6841060,0.0345422508555,0.235101234285,0.730356514859
6887832,0.043423450609,0.19049212533,0.766084424061
6905898,0.0195930044747,0.163868012098,0.816538983427
7104742,0.129613033514,0.315067346405,0.555319620081
6948090,0.0688751457673,0.226053992249,0.705070861983
6839851,0.0636714713114,0.285328680547,0.650999848141
6934051,0.0153826837562,0.111278966401,0.873338349843
6888727,0.0947708774931,0.318566867861,0.586662254646
7167478,0.0464745825081,0.221486658697,0.732038758795
6892109,0.0624504516841,0.19226929941,0.745280248906
6908544,0.20622343904,0.324647302241,0.469129258719
6921725,0.0294574033696,0.211827352492,0.758715244139
6932343,0.077400114404,0.26580971176,0.656790173836
6914309,0.0485234405056,0.174666706916,0.776809852579
6919805,0.121522036753,0.27574378769,0.602734175557
6947828,0.077111872899,0.207971388354,0.714916738747
6920362,0.0533083714923,0.18108376649,0.765607862018
7110179,0.238105857642,0.371657814332,0.390236328027
6877834,0.114600052332,0.303114076677,0.582285870991
6876966,0.100047163374,0.228680672873,0.671272163753
6823918,0.0119801532788,0.132081940975,0.855937905746
6871243,0.0324163738208,0.17038503707,0.797198589109
6928189,0.121488279245,0.275699834336,0.602811886419
6852455,0.0226174907411,0.217322013708,0.760060495551
7208631,0.0965374021831,0.286521373753,0.616941224064
6831811,0.105745123802,0.295316873526,0.598938002672
6904276,0.00553212215741,0.102497097603,0.89197078024
6831589,0.0720615763911,0.259280775535,0.668657648074
6901814,0.0535166848338,0.181308957306,0.76517435786
6854667,0.181912909008,0.280330913207,0.537756177785
7192650,0.0186812314268,0.120224932437,0.861093836136
6836299,0.0532744710496,0.181004367124,0.765721161827
6887919,0.0220060185148,0.146656597244,0.831337384241
6927679,0.0688718095786,0.22604559206,0.705082598362
6855908,0.0840538132717,0.214711455814,0.701234730914
6854766,0.0365263091626,0.156530821013,0.806942869824
6847472,0.131828268998,0.283227060072,0.58494467093
6862519,0.0191937833732,0.184829023567,0.79597719306
6938819,0.116054764901,0.241057428691,0.642887806408
6945434,0.0190986094903,0.184477026422,0.796424364088
6832722,0.168811854861,0.273569283236,0.557618861903
6852707,0.0301479403416,0.145221186336,0.824630873323
7177680,0.16437262624,0.411032378735,0.424594995025
6834945,0.0509190792492,0.202221763008,0.746859157743
6890316,0.0827711247162,0.272016511834,0.645212363449
6816620,0.00828173040247,0.0996398362099,0.892078433388
6945175,0.0236538911661,0.171868971733,0.804477137101
6914016,0.0937488364752,0.353240761259,0.553010402266
6852619,0.0768522828706,0.207723194397,0.715424522733
6813211,0.0871869537423,0.310141687839,0.602671358419
6820546,0.0521626273823,0.204036674661,0.743800697957
6836128,0.104445910696,0.232238770983,0.663315318321
6850557,0.0702592139756,0.20094628063,0.728794505395
6864997,0.00372366783973,0.127995665985,0.868280666175
6883705,0.0178566608399,0.158136877231,0.824006461929
6898767,0.0123130509097,0.116708091626,0.870978857465
6866020,0.0657606420703,0.222241270206,0.711998087724
7126382,0.238109349509,0.371660759844,0.390229890647
6847427,0.0871868697854,0.31014152474,0.602671605474
6841013,0.034882296765,0.199128936442,0.765988766793
6909469,0.0813172171622,0.27037601575,0.648306767088
6922473,0.00715298055819,0.0939637715212,0.898883247921
6925906,0.116591486277,0.271957381567,0.611451132156
6946014,0.0532749817362,0.18100493042,0.765720087844
6820739,0.0503230331446,0.262940491553,0.686736475302
6927559,0.0966059399862,0.286637585232,0.616756474782
7174772,0.0509695076585,0.202301891619,0.746728600723
6931036,0.0262510731891,0.234724658779,0.739024268032
6918163,0.0431929099266,0.19008247859,0.766724611484
6893604,0.183764990567,0.348651826664,0.467583182768
6868844,0.179771323219,0.382647475399,0.437581201382
6814537,0.123438924303,0.246274134323,0.630286941374
6916118,0.0379597158129,0.205511926567,0.756528357621
6838509,0.0739721221646,0.26165062767,0.664377250165
6919725,0.119507780634,0.307212424752,0.573279794614
6932476,0.000158986864338,0.0275773986752,0.97226361446
6860496,0.0791749736725,0.26791340954,0.652911616787
7156799,0.0860611370644,0.244850996757,0.669087866178
6837521,0.0324236619168,0.170411385495,0.797164952589
6913204,0.0584465841815,0.18747662997,0.754076785848
6947516,0.0957575382354,0.2857874808,0.618454980964
6838117,0.0572788706201,0.211264539977,0.731456589403
6933366,0.0768310820307,0.20768748983,0.71548142814
7134198,0.0739661079112,0.261637421929,0.66439647016
6898450,0.0612146294764,0.190793300919,0.747992069604
6819926,0.116576012333,0.271936389115,0.611487598551
6947698,0.094716906779,0.318469566927,0.586813526294
6838721,0.0170757516771,0.172620740439,0.810303507884
6936661,0.250162657311,0.416824731753,0.333012610936
6912257,0.0676800059845,0.253588800779,0.678731193236
6905569,0.00684314194994,0.0922993999439,0.900857458106
6927167,0.0966176825297,0.286657745576,0.616724571894
7150689,0.0125207329612,0.134383257686,0.853096009353
6820358,0.066151172724,0.282847654084,0.651001173192
6945045,0.0388642345014,0.212259744645,0.748876020853
6866884,0.115369411201,0.310171327978,0.574459260821
6820658,0.0513313870064,0.229686602935,0.718982010059
6826462,0.125093762858,0.31799461966,0.556911617482
6932390,0.0525867021755,0.264120628615,0.683292669209
6905031,0.0205396678825,0.214669065488,0.76479126663
6923011,0.0659924926475,0.251362708492,0.682644798861
6908504,0.133072025322,0.353108100423,0.513819874255
6881050,0.22378124624,0.366430351272,0.409788402488
6892968,0.0177645053289,0.157808133509,0.824427361162
7346996,0.109862037879,0.299007819752,0.59113014237
6876206,0.00341536265776,0.0945318889456,0.902052748397
6813475,0.160341171115,0.301419360862,0.538239468023
7190057,0.118936571527,0.243106134193,0.63795729428
6838465,0.0921588262563,0.222016421972,0.685824751771
6899364,0.00957147250484,0.138180889103,0.852247638392
6891616,0.00668890017331,0.1076910795,0.885620020327
6836715,0.0177297304193,0.153837720064,0.828432549517
6829616,0.0674984515604,0.25335278988,0.67914875856
6829144,0.0262627486354,0.207813394667,0.765923856698
6893064,0.0488673476787,0.285884133035,0.665248519286
6861300,0.0374299156951,0.180016958026,0.782553126279
6926847,0.0249984021338,0.230610171422,0.744391426444
6894021,0.0558200876705,0.184252111263,0.759927801067
6897946,0.137232576144,0.286949976607,0.575817447249
6835716,0.149004728507,0.29456376095,0.556431510543
6832160,0.104484626164,0.232291391229,0.663223982607
6835291,0.0649111204362,0.195039497465,0.740049382099
6945184,0.00433585540407,0.101255046052,0.894409098544
7140488,0.170128439057,0.377367697614,0.452503863329
6937850,0.148580785706,0.294380637175,0.557038577119
6899603,0.157174905748,0.299489841974,0.543335252278
6903105,0.114144298404,0.270002244731,0.615853456865
6828476,0.04319270791,0.190080354802,0.766726937288
6835098,0.0265806001812,0.157809687198,0.815609712621
6830512,0.1466288642,0.327088613538,0.526282522262
6879997,0.043201701397,0.190104934395,0.766693364208
7131517,0.111861215167,0.268222842394,0.619915942438
6835955,0.14902383513,0.294584954807,0.556391210063
6875250,0.00786071013968,0.127983866109,0.864155423751
6932794,0.0443136734513,0.217634723814,0.738051602734
6948263,0.0415325112019,0.240181776,0.718285712798
6867201,0.105734049303,0.295299380053,0.598966570644
6882748,0.118382885682,0.242676590683,0.638940523635
6902842,0.0707005942694,0.257558090048,0.671741315683
6847535,0.031142264056,0.221286409272,0.747571326672
6825267,0.0508438763847,0.177806763964,0.771349359652
6909277,0.14266612013,0.290491643092,0.566842236778
7152429,0.239932761062,0.378847766499,0.381219472439
6931179,0.0294254408816,0.164141217074,0.806433342045
6896746,0.0988030794069,0.257024844134,0.644172076459
6937073,0.00197100745481,0.0658934962622,0.932135496283
6934627,0.00102814347962,0.0504720329499,0.94849982357
6887878,0.14849647869,0.294282204756,0.557221316554
6921531,0.0377091654791,0.231906585125,0.730384249396
6897461,0.0743258269117,0.262101045414,0.663573127675
6862066,0.0587950982433,0.241233090576,0.699971811181
6851531,0.185913243256,0.315152854348,0.498933902395
6928550,0.0287486292727,0.185135031492,0.786116339236
6945851,0.0704797922103,0.22796536948,0.70155483831
6946955,0.0222541024638,0.172069893762,0.805676003775
6869136,0.196308596572,0.354902389546,0.448789013882
6908667,0.234218709384,0.40544664447,0.360334646146
6820525,0.0626249832615,0.192419966489,0.744955050249
6887970,0.0587622498124,0.187895562781,0.753342187406
6848365,0.0828947981283,0.241662716913,0.675442484958
6816173,0.0145799862363,0.142618522843,0.84280149092
6900732,0.0884335076249,0.278193891109,0.633372601267
6815786,0.0905048317923,0.249239738651,0.660255429557
6945972,0.10006333642,0.228704078782,0.671232584798
6848445,0.0582907311592,0.187289675597,0.754419593244
6856486,0.137211410351,0.286923807236,0.575864782412
6867010,0.0532894488677,0.181044560448,0.765665990685
6828257,0.144892454899,0.260111048916,0.594996496185
6871807,0.0584590980879,0.187501887396,0.754039014516
7212966,0.0268499086216,0.158445863037,0.814704228342
6889959,0.0839757305285,0.214582199896,0.701442069575
6915510,0.0615662185993,0.245222029444,0.693211751956
6905402,0.0720521965822,0.229759217232,0.698188586186
6826100,0.094172191527,0.252754909237,0.653072899236
6848893,0.0497848952903,0.200526428345,0.749688676365
7155647,0.0443212517309,0.217657734804,0.738021013465
6812883,0.0803746366208,0.2111916983,0.708433665079
6866095,0.0316482916543,0.168830080974,0.799521627371
6931127,0.0615365827253,0.245149094876,0.693314322398
6829407,0.0457611349983,0.254259871962,0.69997899304
6867548,0.306591606901,0.422650615591,0.270757777508
7132575,0.0474849675809,0.196992496716,0.755522535703
6890847,0.0579496281179,0.186905434074,0.755144937808
6916429,0.151879879389,0.33052559322,0.517594527391
6884716,0.21303951771,0.327494807705,0.459465674585
6896897,0.115088789944,0.240349990429,0.644561219627
6941572,0.10714934832,0.264273832427,0.628576819252
6945277,0.0862417856908,0.245050948091,0.668707266218
7133293,0.0724686809111,0.291700572924,0.635830746165
7213385,0.0484958950023,0.174602257522,0.776901847476
6831928,0.0441613922423,0.168457204591,0.787381403167
6932687,0.0373857163963,0.157925887889,0.804688395714
6873877,0.0532627340306,0.180976299477,0.765760966493
7135459,0.0670977136159,0.197489306325,0.735412980059
6876620,0.00195284544132,0.0891099052778,0.908937249281
6936163,0.00481509842392,0.0944806276002,0.900704273976
6912398,0.0917578448661,0.221665826752,0.686576328382
6917655,0.107615469373,0.26467006013,0.627714470498
6941149,0.083562599054,0.312290615134,0.604146785812
6941378,0.0789122784365,0.237444711142,0.683643010422
6882453,0.0267622921185,0.158269330322,0.814968377559
7119160,0.114511618892,0.302983813055,0.582504568053
6868451,0.0490791981685,0.231227899964,0.719692901868
6945881,0.0466839821475,0.221835394304,0.731480623549
6822541,0.126191962337,0.294939336092,0.578868701571
6884355,0.129727123756,0.315218164365,0.555054711878
7132247,0.0809454851064,0.269942014519,0.649112500375
6872049,0.0942616210981,0.252841549436,0.652896829466
6890740,0.16088947232,0.301707369775,0.537403157905
6840897,0.131877743002,0.283287291882,0.584834965116
6847694,0.0983379401511,0.256579012266,0.645083047583
6938196,0.045059030019,0.193168519698,0.761772450283
6939526,0.0348783818798,0.199108602405,0.766013015715
6917529,0.126582509921,0.279478484081,0.593939005998
6885636,0.019490355919,0.139876419727,0.840633224354
7202614,0.0630905388625,0.218889685802,0.718019775335
6926453,0.0739982574952,0.261705380952,0.664296361552
6844636,0.105248225845,0.294832394127,0.599919380028
6879293,0.119502863519,0.243551906215,0.636945230266
6924780,0.116577536169,0.271936817817,0.611485646013
6881024,0.116044182473,0.241043071924,0.642912745604
6851374,0.115397185529,0.310212207066,0.574390607405
6850953,0.090660491663,0.314038468808,0.595301039529
6892292,0.00407918141399,0.0884321900444,0.907488628542
6886159,0.0220382669396,0.128383915436,0.849577817625
6849877,0.0584897672891,0.187564822088,0.753945410622
6940840,0.0394620713448,0.183690126437,0.776847802218
6926838,0.0688691718427,0.226041968789,0.705088859368
6879243,0.0248291977352,0.224867348594,0.750303453671
6944286,0.196155226618,0.354760205167,0.449084568216
6915587,0.238260225242,0.371767305923,0.389972468835
6881904,0.116534035095,0.271878929862,0.611587035044
7154358,0.186234747174,0.31521564265,0.498549610176
6899258,0.0431328543044,0.166939105313,0.789928040382
6855460,0.103375323273,0.327439938818,0.569184737909
6864884,0.116563975525,0.271919878587,0.611516145888
6868209,0.0941813607636,0.252769454492,0.653049184744
6853834,0.0600267011039,0.214976829599,0.724996469297
7210020,0.137357201814,0.287103236781,0.575539561405
6933228,0.00934959445252,0.122915254791,0.867735150756
6929227,0.234239347152,0.405464953869,0.360295698979
7192346,0.248338256468,0.409753450857,0.341908292675
6928834,0.0351962796591,0.199762094561,0.76504162578
6812269,0.0334972440627,0.151318100152,0.815184655786
6851446,0.0342964319115,0.229195604245,0.736507963844
6930820,0.00791991210992,0.134965998415,0.857114089475
6875310,0.0612339463762,0.190826007359,0.747940046264
6932397,0.0244031949544,0.202216311403,0.773380493643
6904291,0.0128653792526,0.118752227166,0.868382393582
6921642,0.0731128975861,0.203895025057,0.722992077357
7136057,0.209719127947,0.360745002649,0.429535869404
6920815,0.0358659307574,0.177127287632,0.78700678161
6861757,0.0759072046608,0.296329748065,0.627763047274
6934222,0.123549626636,0.246417582723,0.630032790641
6946448,0.0830868636173,0.275389515363,0.64152362102
6890569,0.0846717142964,0.274164847516,0.641163438188
6884477,0.0775975520937,0.23603483142,0.686367616487
7145006,0.0171102097999,0.116083480431,0.86680630977
6893718,0.000688652699325,0.0507707132935,0.948540634007
6893330,0.041137836571,0.163914890824,0.794947272605
6901780,0.0142326027261,0.125180141804,0.86058725547
6815738,0.125027608753,0.311601963526,0.563370427722
6917209,0.0735259807143,0.204387087954,0.722086931332
6904227,0.0412096488478,0.186756542674,0.772033808478
6894402,0.0421507708833,0.190599035041,0.767250194076
7146083,0.0174011226982,0.178119722616,0.804479154685
6902153,0.0145765338846,0.108902665823,0.876520800293
6925988,0.276664555895,0.456145462551,0.267189981554
6881323,0.0292910921131,0.163865221643,0.806843686244
6937405,0.153750583017,0.265408025478,0.580841391505
7098390,0.0416643241663,0.212752644081,0.745583031753
6935942,0.0460070928637,0.254777800691,0.699215106445
6833510,0.0862646811077,0.245090841015,0.668644477877
6812857,0.0966055220017,0.286637417656,0.616757060343
6828441,0.196180359142,0.354783817123,0.449035823735
6915711,0.0922393125534,0.222145488782,0.685615198664
6880643,0.182875525385,0.348268044169,0.468856430446
7224930,0.0546662971537,0.207631190969,0.737702511878
6852614,0.00871203763726,0.138308397668,0.852979564695
6853816,0.019101145273,0.184496559896,0.796402294831
6811964,0.0513202723118,0.229655632969,0.719024094719
6847800,0.0411685430152,0.186634975575,0.77219648141
6859897,0.0843433601365,0.243120699795,0.672535940069
6882929,0.00611356489471,0.0882007030708,0.905685732034
7157584,0.0442217801286,0.191769122246,0.764009097625
6863444,0.104445910696,0.232238770983,0.663315318321
6836902,0.00852778641774,0.100810842759,0.890661370823
6918960,0.0718209207535,0.202561787008,0.725617292239
6882854,0.0739749252931,0.261657093765,0.664367980942
6822755,2.5227383212e-05,0.0129778615643,0.986996911052
6815184,0.157819178391,0.334240848855,0.507939972754
6846582,0.0374060446473,0.157984445606,0.804609509747
6940309,0.00260935864373,0.0719042256486,0.925486415708
6924056,0.039447427505,0.183646833123,0.776905739372
6824481,0.0521855919282,0.204096632169,0.743717775903
6839735,0.033482568676,0.172543831608,0.793973599716
6900130,0.0675116310717,0.25338193263,0.679106436298
6946739,0.033790964229,0.201484113379,0.764724922392
7144008,0.0675607043033,0.253489631018,0.678949664678
6863751,0.00844644676099,0.100432634007,0.891120919232
6820293,0.0780840247458,0.266605959726,0.655310015528
6818472,0.0521855919282,0.204096632169,0.743717775903
6832420,0.0508434206054,0.177807796291,0.771348783104
6879450,0.000118676924439,0.0243763466554,0.97550497642
6943618,0.0674943616559,0.253343114137,0.679162524207
6883463,0.1117600513,0.268075537466,0.620164411234
6834919,0.20939498518,0.325888154346,0.464716860473
7505696,0.105258617337,0.29484893218,0.599892450484
6903645,0.109422966097,0.266157733869,0.624419300034
6831148,0.120965182542,0.244572161399,0.634462656059
6828948,0.131870172407,0.283277946081,0.584851881512
6878495,0.0294384606842,0.164187841567,0.806373697749
6924862,0.019587806531,0.163842122772,0.816570070697
6887802,0.0706717088019,0.257497978516,0.671830312682
6903228,0.118521137968,0.242851777432,0.6386270846
6947415,2.03904644727e-05,0.0111843826909,0.988795226845
6941508,0.116153181635,0.241187584431,0.642659233935
6856111,0.0532520091907,0.180955918168,0.765792072641
7126808,0.122268976496,0.344555000233,0.533176023271
6939857,0.0486951313438,0.225267269077,0.726037599579
6822528,0.0304123891012,0.247498019505,0.722089591394
6947631,0.0942168468211,0.25282628746,0.652956865719
6887810,0.0217265516465,0.170516781795,0.807756666559
6849210,0.107534227525,0.296920716018,0.595545056457
6901742,0.000941074255132,0.0486515675014,0.950407358244
6850925,0.13927782335,0.25665984055,0.6040623361
7181995,0.0768442744819,0.207710227779,0.71544549774
6841559,0.0532555537582,0.180964308029,0.765780138213
6822957,0.0318266765931,0.192385422253,0.775787901154
6943349,0.048512710357,0.174638643746,0.776848645897
6923825,0.0983756536625,0.256639777647,0.64498456869
6871218,0.199302910832,0.321543561106,0.479153528062
6932761,0.0691142467403,0.255519487232,0.675366266028
7168983,0.0646947785473,0.194809834692,0.74049538676
